25.88
25.88
26.37
25.88
25.88
26.37
25.88
25.88
25.88
25.88
25.88
26.37
25.39
25.88
25.88
25.88
25.88
26.37
25.88
25.88
25.88
26.37
25.88
25.88
25.88
25.88
25.39
25.88
25.88
26.37
25.39
25.88
25.88
25.88
25.88
25.88
25.88
26.37
26.37
25.88
26.37
25.88
25.88
25.88
26.37
26.37
25.88
25.88
25.88
26.37
25.88
26.37
25.88
25.88
25.88
25.88
25.88
25.88
25.88
25.88
25.88
25.88
26.37
25.88
25.88
25.88
25.88
26.37
26.37
25.88
25.88
25.88
25.88
25.88
26.37
25.88
25.88
25.39
25.88
25.88
25.88
25.88
25.88
25.39
25.39
25.88
25.88
25.88
25.88
25.88
25.88
25.39
25.88
25.88
25.88
25.39
25.39
25.88
25.88
25.88
25.39
25.39
25.39
25.39
25.88
25.88
25.88
25.88
25.88
25.88
25.88
25.88
25.88
25.88
25.88
25.88
25.88
25.88
25.88
25.88
25.88
25.88
25.88
25.88
25.88
25.88
25.88
25.88
25.88
25.88
25.88
25.88
25.88
25.88
25.88
25.88
25.88
25.88
25.88
25.88
25.88
25.88
26.37
25.88
25.88
25.88
25.88
25.88
25.88
25.88
26.37
25.39
25.88
25.88
25.88
25.39
25.88
25.88
25.88
25.88
25.88
25.88
25.88
25.88
25.39
25.88
25.88
25.88
25.88
25.88
25.88
25.88
25.88
25.39
25.88
25.39
25.88
25.88
25.88
25.88
25.88
25.39
25.39
25.39
25.39
25.88
25.39
25.39
25.39
25.88
25.88
25.88
25.39
25.88
25.39
25.88
25.39
25.39
25.39
25.39
25.39
25.39
25.39
25.39
25.39
25.88
25.39
25.88
25.39
25.39
25.39
25.88
25.39
25.39
25.39
25.39
25.39
25.39
25.88
25.39
25.88
25.39
25.39
25.39
25.39
25.88
25.39
25.39
25.39
25.39
25.39
25.39
25.39
25.39
25.39
25.39
25.39
25.39
24.90
25.39
25.39
25.39
25.39
25.39
25.88
25.39
25.88
25.88
25.88
25.39
25.88
25.39
25.88
25.88
25.39
25.39
25.39
25.39
25.88
25.39
25.88
25.39
25.39
25.88
25.88
25.39
25.88
25.39
25.39
25.39
25.39
25.39
25.39
25.39
25.39
25.88
25.39
25.39
25.39
25.39
25.39
25.39
25.39
25.39
25.39
25.88
25.39
25.39
25.39
24.90
25.39
25.88
25.88
25.88
25.88
25.88
25.88
25.88
25.88
25.88
25.88
25.88
25.88
25.88
25.88
25.88
25.88
25.88
25.88
25.88
25.88
25.88
25.88
25.88
25.88
25.88
25.88
25.88
25.39
25.88
25.39
25.88
25.39
25.39
25.88
25.39
25.88
25.39
25.39
25.88
25.88
25.88
25.39
25.39
25.88
25.88
25.88
25.39
26.37
25.39
25.88
25.39
25.88
25.88
25.88
25.39
24.90
25.39
24.90
25.88
25.39
25.39
25.39
25.39
25.39
25.39
25.39
25.39
25.39
25.39
25.39
25.88
25.39
25.39
25.39
25.39
25.39
25.39
24.90
25.88
25.39
25.39
25.39
24.90
25.88
25.39
25.39
25.39
25.39
25.39
25.88
25.39
25.39
25.88
25.88
25.39
25.88
25.39
25.88
25.39
25.39
25.39
25.39
25.39
25.39
25.39
25.39
25.39
25.39
25.39
21.97
21.97
24.41
22.95
23.44
22.95
23.44
22.95
23.44
22.95
23.44
21.00
21.97
23.44
22.95
23.44
23.44
23.44
22.46
23.44
22.95
22.95
23.44
22.95
22.95
22.95
22.95
22.46
22.46
22.95
22.46
22.46
22.46
22.95
22.46
22.95
22.95
22.95
22.95
22.95
22.46
22.46
21.97
22.46
22.46
22.46
22.46
22.46
21.97
22.95
22.46
22.46
22.46
22.46
22.46
22.46
22.46
22.95
22.95
22.46
22.46
22.46
22.46
22.46
22.46
22.46
22.46
22.46
22.46
22.46
22.46
22.46
22.46
22.46
21.97
22.46
22.46
21.97
22.46
22.46
22.46
22.46
22.95
22.95
22.95
22.95
22.95
23.44
22.95
23.44
22.95
22.95
22.95
22.46
21.97
22.46
22.46
22.46
22.46
22.95
22.95
22.46
22.95
22.95
22.95
22.95
22.95
22.95
22.95
22.95
22.46
22.95
22.95
22.95
22.95
22.95
22.95
23.44
23.44
23.44
23.44
22.95
23.44
22.95
23.44
22.95
22.95
22.95
22.95
22.95
22.46
22.95
22.46
22.46
22.95
22.95
22.95
